7.03038e-08
7.03038e-08
1.03733e-07
1.37517e-07
1.71463e-07
2.05508e-07
2.39627e-07
2.73811e-07
3.08059e-07
3.4237e-07
3.76748e-07
4.11196e-07
4.45718e-07
4.80319e-07
5.15005e-07
5.4978e-07
5.84651e-07
6.19622e-07
6.547e-07
6.8989e-07
7.25199e-07
7.60632e-07
7.96195e-07
8.31895e-07
8.67737e-07
9.03728e-07
9.39873e-07
9.76181e-07
1.01266e-06
1.0493e-06
1.08613e-06
1.12315e-06
1.16036e-06
1.19777e-06
1.23539e-06
1.27322e-06
1.31128e-06
1.34956e-06
1.38807e-06
1.42683e-06
1.46584e-06
1.5051e-06
1.54463e-06
1.58443e-06
1.62451e-06
1.66487e-06
1.70553e-06
1.74648e-06
1.78775e-06
1.82934e-06
1.87125e-06
1.91349e-06
1.95608e-06
1.99902e-06
2.04231e-06
2.08598e-06
2.13001e-06
2.17444e-06
2.21926e-06
2.26448e-06
2.31011e-06
2.35617e-06
2.40265e-06
2.44958e-06
2.49696e-06
2.5448e-06
2.59311e-06
2.6419e-06
2.69118e-06
2.74096e-06
2.79126e-06
2.84207e-06
2.89343e-06
2.94532e-06
2.99778e-06
3.0508e-06
3.10441e-06
3.1586e-06
3.2134e-06
3.26882e-06
3.32487e-06
3.38156e-06
3.4389e-06
3.49692e-06
3.55561e-06
3.615e-06
3.6751e-06
3.73592e-06
3.79749e-06
3.8598e-06
3.92288e-06
3.98674e-06
4.05141e-06
4.11688e-06
4.18319e-06
4.25034e-06
4.31835e-06
4.38724e-06
4.45703e-06
4.52773e-06
4.59936e-06
4.67195e-06
4.7455e-06
4.82004e-06
4.89558e-06
4.97215e-06
5.04976e-06
5.12844e-06
5.2082e-06
5.28907e-06
5.37106e-06
5.45421e-06
5.53852e-06
5.62403e-06
5.71075e-06
5.79872e-06
5.88794e-06
5.97845e-06
6.07028e-06
6.16344e-06
6.25796e-06
6.35386e-06
6.45119e-06
6.54995e-06
6.65018e-06
6.7519e-06
6.85515e-06
6.95995e-06
7.06633e-06
7.17432e-06
7.28395e-06
7.39526e-06
7.50827e-06
7.62301e-06
7.73953e-06
7.85784e-06
7.97799e-06
8.10001e-06
8.22393e-06
8.34978e-06
8.47762e-06
8.60746e-06
8.73936e-06
8.87334e-06
9.00944e-06
9.14771e-06
9.28818e-06
9.4309e-06
9.5759e-06
9.72323e-06
9.87292e-06
1.0025e-05
1.01796e-05
1.03367e-05
1.04963e-05
1.06585e-05
1.08233e-05
1.09908e-05
1.1161e-05
1.13341e-05
1.15099e-05
1.16886e-05
1.18703e-05
1.20549e-05
1.22426e-05
1.24333e-05
1.26272e-05
1.28242e-05
1.30245e-05
1.32281e-05
1.34351e-05
1.36454e-05
1.38592e-05
1.40765e-05
1.42974e-05
1.45219e-05
1.47501e-05
1.49821e-05
1.52178e-05
1.54575e-05
1.5701e-05
1.59485e-05
1.62e-05
1.64557e-05
1.67155e-05
1.69795e-05
1.72478e-05
1.75204e-05
1.77974e-05
1.80788e-05
1.83648e-05
1.86553e-05
1.89504e-05
1.92502e-05
1.95548e-05
1.98641e-05
2.01782e-05
2.04973e-05
2.08213e-05
2.11503e-05
2.14843e-05
2.18234e-05
2.21676e-05
2.2517e-05
2.28716e-05
2.32315e-05
2.35966e-05
2.39671e-05
2.43429e-05
2.47241e-05
2.51107e-05
2.55027e-05
2.59001e-05
2.6303e-05
2.67114e-05
2.71252e-05
2.75444e-05
2.79692e-05
2.83993e-05
2.88349e-05
2.92759e-05
2.97223e-05
3.0174e-05
3.0631e-05
3.10932e-05
3.15607e-05
3.20333e-05
3.25109e-05
3.29935e-05
3.3481e-05
3.39733e-05
3.44703e-05
3.49718e-05
3.54778e-05
3.59881e-05
3.65025e-05
3.7021e-05
3.75433e-05
3.80692e-05
3.85986e-05
3.91312e-05
3.96669e-05
4.02054e-05
4.07465e-05
4.12898e-05
4.18353e-05
4.23825e-05
4.29311e-05
4.34809e-05
4.40316e-05
4.45828e-05
4.51342e-05
4.56854e-05
4.6236e-05
4.67856e-05
4.7334e-05
4.78805e-05
4.84249e-05
4.89667e-05
4.95054e-05
5.00406e-05
5.05718e-05
5.10986e-05
5.16204e-05
5.21368e-05
5.26473e-05
5.31513e-05
5.36484e-05
5.41379e-05
5.46195e-05
5.50926e-05
5.55566e-05
5.6011e-05
5.64554e-05
5.68891e-05
5.73116e-05
5.77225e-05
5.81212e-05
5.85072e-05
5.888e-05
5.92391e-05
5.95841e-05
5.99145e-05
6.02298e-05
6.05296e-05
6.08135e-05
6.10811e-05
6.13319e-05
6.15657e-05
6.17821e-05
6.19808e-05
6.21614e-05
6.23238e-05
6.24677e-05
6.25928e-05
6.2699e-05
6.27861e-05
6.2854e-05
6.29025e-05
6.29317e-05
6.29414e-05
6.29317e-05
6.29025e-05
6.28539e-05
6.2786e-05
6.26988e-05
6.25926e-05
6.24675e-05
6.23236e-05
6.21611e-05
6.19804e-05
6.17817e-05
6.15653e-05
6.13315e-05
6.10806e-05
6.0813e-05
6.05291e-05
6.02292e-05
5.99139e-05
5.95835e-05
5.92385e-05
5.88793e-05
5.85065e-05
5.81204e-05
5.77217e-05
5.73108e-05
5.68882e-05
5.64545e-05
5.60101e-05
5.55556e-05
5.50916e-05
5.46185e-05
5.41369e-05
5.36472e-05
5.31502e-05
5.26461e-05
5.21356e-05
5.16192e-05
5.10973e-05
5.05705e-05
5.00392e-05
4.9504e-05
4.89653e-05
4.84234e-05
4.7879e-05
4.73324e-05
4.67841e-05
4.62344e-05
4.56837e-05
4.51325e-05
4.45811e-05
4.40299e-05
4.34792e-05
4.29293e-05
4.23806e-05
4.18334e-05
4.12879e-05
4.07445e-05
4.02034e-05
3.96649e-05
3.91292e-05
3.85965e-05
3.8067e-05
3.75411e-05
3.70188e-05
3.65003e-05
3.59858e-05
3.54755e-05
3.49694e-05
3.44678e-05
3.39708e-05
3.34785e-05
3.2991e-05
3.25083e-05
3.20306e-05
3.1558e-05
3.10905e-05
3.06282e-05
3.01712e-05
2.97194e-05
2.9273e-05
2.8832e-05
2.83964e-05
2.79662e-05
2.75414e-05
2.71221e-05
2.67082e-05
2.62998e-05
2.58969e-05
2.54994e-05
2.51074e-05
2.47207e-05
2.43395e-05
2.39636e-05
2.35931e-05
2.32279e-05
2.2868e-05
2.25134e-05
2.21639e-05
2.18196e-05
2.14805e-05
2.11464e-05
2.08174e-05
2.04934e-05
2.01743e-05
1.98601e-05
1.95507e-05
1.92461e-05
1.89463e-05
1.86511e-05
1.83605e-05
1.80745e-05
1.7793e-05
1.75159e-05
1.72433e-05
1.69749e-05
1.67109e-05
1.6451e-05
1.61953e-05
1.59437e-05
1.56962e-05
1.54526e-05
1.52129e-05
1.49771e-05
1.47451e-05
1.45169e-05
1.42923e-05
1.40713e-05
1.3854e-05
1.36401e-05
1.34297e-05
1.32227e-05
1.3019e-05
1.28187e-05
1.26216e-05
1.24276e-05
1.22368e-05
1.20491e-05
1.18644e-05
1.16827e-05
1.15039e-05
1.1328e-05
1.11549e-05
1.09846e-05
1.0817e-05
1.06521e-05
1.04899e-05
1.03302e-05
1.0173e-05
1.00184e-05
9.86623e-06
9.71647e-06
9.56907e-06
9.42399e-06
9.2812e-06
9.14065e-06
9.00231e-06
8.86613e-06
8.73207e-06
8.6001e-06
8.47018e-06
8.34227e-06
8.21633e-06
8.09233e-06
7.97023e-06
7.85e-06
7.7316e-06
7.61501e-06
7.50018e-06
7.38708e-06
7.27569e-06
7.16597e-06
7.05789e-06
6.95142e-06
6.84653e-06
6.74319e-06
6.64138e-06
6.54106e-06
6.4422e-06
6.34479e-06
6.24878e-06
6.15417e-06
6.06091e-06
5.96899e-06
5.87838e-06
5.78905e-06
5.70099e-06
5.61416e-06
5.52855e-06
5.44413e-06
5.36088e-06
5.27878e-06
5.1978e-06
5.11793e-06
5.03915e-06
4.96142e-06
4.88474e-06
4.80909e-06
4.73443e-06
4.66077e-06
4.58807e-06
4.51632e-06
4.44549e-06
4.37558e-06
4.30657e-06
4.23843e-06
4.17116e-06
4.10473e-06
4.03912e-06
3.97433e-06
3.91034e-06
3.84712e-06
3.78468e-06
3.72298e-06
3.66202e-06
3.60178e-06
3.54225e-06
3.48341e-06
3.42526e-06
3.36777e-06
3.31093e-06
3.25474e-06
3.19917e-06
3.14422e-06
3.08987e-06
3.03611e-06
2.98293e-06
2.93031e-06
2.87825e-06
2.82674e-06
2.77576e-06
2.72529e-06
2.67534e-06
2.62589e-06
2.57693e-06
2.52845e-06
2.48043e-06
2.43287e-06
2.38577e-06
2.3391e-06
2.29285e-06
2.24703e-06
2.20162e-06
2.15661e-06
2.11199e-06
2.06776e-06
2.02389e-06
1.9804e-06
1.93725e-06
1.89446e-06
1.85201e-06
1.80988e-06
1.76808e-06
1.7266e-06
1.68542e-06
1.64454e-06
1.60395e-06
1.56364e-06
1.52361e-06
1.48385e-06
1.44435e-06
1.4051e-06
1.3661e-06
1.32734e-06
1.28881e-06
1.2505e-06
1.21241e-06
1.17453e-06
1.13686e-06
1.09938e-06
1.06209e-06
1.02499e-06
9.88064e-07
9.51309e-07
9.14717e-07
8.78283e-07
8.42e-07
8.05862e-07
7.69862e-07
7.33996e-07
6.98255e-07
6.62635e-07
6.27129e-07
5.91731e-07
5.56436e-07
5.21238e-07
4.86131e-07
4.51109e-07
4.16168e-07
3.81303e-07
3.46509e-07
3.11782e-07
2.7712e-07
2.42521e-07
2.0799e-07
1.73534e-07
1.39178e-07
1.04985e-07
7.11527e-08
7.11527e-08
